{
  "Comments": [
    "FF parameters and their uncertainties from fBGL to LQCD in arXiv:2306.05657",
    "Parameters and uncertianties taken from Table VII in https://arxiv.org/pdf/2306.05657"
  ],
  "Params": [
    "a0",
    "a1",
    "a2",
    "b0",
    "b1",
    "b2",
    "c0",
    "c1",
    "c2",
    "d0",
    "d1",
    "d2"
  ],
  "Type": "Symmetric",
  "Mean": {
    "a0": 0.0291,
    "a1": -0.045,
    "a2": -1.0,
    "b0": 0.01198,
    "b1": 0.018,
    "b2": -0.1,
    "c0": 0.002006,
    "c1": 0.0013,
    "c2": -0.03,
    "d0": 0.0484,
    "d1": -0.059,
    "d2": -0.9
  },
  "Error": {
    "a0": 0.0018,
    "a1": 0.035,
    "a2": 1.7,
    "b0": 0.00019,
    "b1": 0.011,
    "b2": 0.45,
    "c0": 3.1e-05,
    "c1": 0.0041,
    "c2": 0.21,
    "d0": 0.0016,
    "d1": 0.097,
    "d2": 1.1
  },
  "Cov": [
    [
      3.24e-06,
      2.911104e-05,
      4.8042e-06,
      7.98399e-08,
      3.9065399999999997e-07,
      -2.7701999999999998e-06,
      1.3026509999999999e-08,
      -1.0036800000000002e-08,
      5.14836e-06,
      2.50128e-07,
      -9.65538e-07,
      3.2234400000000004e-05
    ],
    [
      2.9111040000000002e-05,
      0.0012250000000000002,
      0.00060928,
      4.0784450000000005e-07,
      8.10656e-05,
      0.0010851750000000003,
      6.654305000000001e-08,
      -2.5887400000000006e-06,
      0.000217266,
      -2.1957600000000004e-06,
      1.3376300000000003e-05,
      0.0011550000000000002
    ],
    [
      4.8042e-06,
      0.00060928,
      2.8899999999999997,
      3.67251e-06,
      0.00044805199999999994,
      -0.0133569,
      5.99199e-07,
      -5.4993299999999994e-05,
      0.004683839999999999,
      5.5760000000000005e-06,
      0.001741344,
      0.0132396
    ],
    [
      7.98399e-08,
      4.078445000000001e-07,
      3.6725100000000003e-06,
      3.6100000000000006e-08,
      1.299144e-07,
      1.0308735e-05,
      5.890000000000001e-09,
      5.812898000000001e-08,
      -3.7426199999999997e-06,
      1.1955712000000003e-07,
      3.5400344000000003e-06,
      -2.8509690000000005e-05
    ],
    [
      3.9065399999999997e-07,
      8.10656e-05,
      0.00044805199999999994,
      1.299144e-07,
      0.00012099999999999999,
      -0.0024617339999999997,
      2.119656e-08,
      2.2172062e-05,
      -0.0005625081,
      2.655488e-06,
      0.00048064082,
      -0.0030259680000000004
    ],
    [
      -2.7701999999999998e-06,
      0.001085175,
      -0.013356899999999998,
      1.0308735e-05,
      -0.0024617339999999997,
      0.2025,
      1.6819515e-06,
      -0.0006211746,
      0.01921941,
      -0.0001326312,
      -0.0100591425,
      0.09814860000000002
    ],
    [
      1.302651e-08,
      6.654305000000001e-08,
      5.99199e-07,
      5.890000000000001e-09,
      2.119656e-08,
      1.6819515000000002e-06,
      9.61e-10,
      9.484202000000002e-09,
      -6.106379999999999e-07,
      1.9506688000000004e-08,
      5.775845600000001e-07,
      -4.651581000000001e-06
    ],
    [
      -1.00368e-08,
      -2.5887400000000006e-06,
      -5.4993299999999994e-05,
      5.812898000000002e-08,
      2.2172062e-05,
      -0.0006211746,
      9.484202000000002e-09,
      1.6810000000000003e-05,
      -0.00044488731,
      1.1565936000000002e-06,
      0.00033687178500000004,
      -0.0022209044000000002
    ],
    [
      5.1483599999999994e-06,
      0.000217266,
      0.00468384,
      -3.7426199999999997e-06,
      -0.0005625080999999999,
      0.01921941,
      -6.106379999999999e-07,
      -0.00044488731000000005,
      0.04409999999999999,
      6.451200000000001e-05,
      -0.0099214122,
      0.22663872000000002
    ],
    [
      2.5012800000000003e-07,
      -2.1957600000000004e-06,
      5.5760000000000005e-06,
      1.1955712000000003e-07,
      2.6554879999999995e-06,
      -0.0001326312,
      1.9506688000000004e-08,
      1.1565936000000002e-06,
      6.451200000000001e-05,
      2.56e-06,
      1.2232864000000001e-05,
      0.00022563200000000002
    ],
    [
      -9.65538e-07,
      1.3376300000000003e-05,
      0.001741344,
      3.5400344000000003e-06,
      0.00048064082000000004,
      -0.0100591425,
      5.775845600000001e-07,
      0.000336871785,
      -0.0099214122,
      1.2232864000000001e-05,
      0.009409,
      -0.05908619200000001
    ],
    [
      3.22344e-05,
      0.0011550000000000002,
      0.0132396,
      -2.8509690000000005e-05,
      -0.0030259680000000004,
      0.09814860000000002,
      -4.651581000000001e-06,
      -0.0022209044000000002,
      0.22663872,
      0.00022563200000000008,
      -0.05908619200000002,
      1.2100000000000002
    ]
  ],
  "Corr": [
    [
      1.0,
      0.46208,
      0.00157,
      0.23345,
      0.01973,
      -0.00342,
      0.23345,
      -0.00136,
      0.01362,
      0.08685,
      -0.00553,
      0.01628
    ],
    [
      0.46208,
      1.0,
      0.01024,
      0.06133,
      0.21056,
      0.0689,
      0.06133,
      -0.01804,
      0.02956,
      -0.03921,
      0.00394,
      0.03
    ],
    [
      0.00157,
      0.01024,
      1.0,
      0.01137,
      0.02396,
      -0.01746,
      0.01137,
      -0.00789,
      0.01312,
      0.00205,
      0.01056,
      0.00708
    ],
    [
      0.23345,
      0.06133,
      0.01137,
      1.0,
      0.06216,
      0.12057,
      1.0,
      0.07462,
      -0.0938,
      0.39328,
      0.19208,
      -0.13641
    ],
    [
      0.01973,
      0.21056,
      0.02396,
      0.06216,
      1.0,
      -0.49732,
      0.06216,
      0.49162,
      -0.24351,
      0.15088,
      0.45046,
      -0.25008
    ],
    [
      -0.00342,
      0.0689,
      -0.01746,
      0.12057,
      -0.49732,
      1.0,
      0.12057,
      -0.33668,
      0.20338,
      -0.18421,
      -0.23045,
      0.19828
    ],
    [
      0.23345,
      0.06133,
      0.01137,
      1.0,
      0.06216,
      0.12057,
      1.0,
      0.07462,
      -0.0938,
      0.39328,
      0.19208,
      -0.13641
    ],
    [
      -0.00136,
      -0.01804,
      -0.00789,
      0.07462,
      0.49162,
      -0.33668,
      0.07462,
      1.0,
      -0.51671,
      0.17631,
      0.84705,
      -0.49244
    ],
    [
      0.01362,
      0.02956,
      0.01312,
      -0.0938,
      -0.24351,
      0.20338,
      -0.0938,
      -0.51671,
      1.0,
      0.192,
      -0.48706,
      0.98112
    ],
    [
      0.08685,
      -0.03921,
      0.00205,
      0.39328,
      0.15088,
      -0.18421,
      0.39328,
      0.17631,
      0.192,
      1.0,
      0.07882,
      0.1282
    ],
    [
      -0.00553,
      0.00394,
      0.01056,
      0.19208,
      0.45046,
      -0.23045,
      0.19208,
      0.84705,
      -0.48706,
      0.07882,
      1.0,
      -0.55376
    ],
    [
      0.01628,
      0.03,
      0.00708,
      -0.13641,
      -0.25008,
      0.19828,
      -0.13641,
      -0.49244,
      0.98112,
      0.1282,
      -0.55376,
      1.0
    ]
  ]
}