{
  "Comments" : [
    "FF parameters and their uncertainties from fit to LQCD only arXiv:2105.14019",
    "Parameters and uncertianties taken from FitResults.PyDat in ancillary files in https://arxiv.org/abs/2105.14019"
  ],
  "Params": [
    "a0",
    "a1",
    "a2",
    "b0",
    "b1",
    "b2",
    "c0",
    "c1",
    "c2",
    "d0",
    "d1",
    "d2"
  ],
  "Type": "Symmetric",
  "Mean": {
    "a0": 0.03303572420791651,
    "a1": -0.15617843109815369,
    "a2": -0.12035867559458847,
    "b0": 0.012291940805423925,
    "b1": -0.0033630959482196035,
    "b2": 0.06700760806488626,
    "c0": 0.002058744153712929,
    "c1": -0.005812936725638205,
    "c2": -0.013233078304864712,
    "d0": 0.05086532458850226,
    "d1": -0.3282753381548069,
    "d2": -0.023361655819103194
  },
  "Error": {
    "a0": 0.0012318363182402007,
    "a1": 0.05494361587595564,
    "a2": 0.9832202566278712,
    "b0": 0.0002309782837021401,
    "b1": 0.012234736686278799,
    "b2": 0.5265167799327393,
    "c0": 3.868593241163329e-05,
    "c1": 0.0024752643196312694,
    "c2": 0.09062426495292916,
    "d0": 0.00153384629779392,
    "d1": 0.06690503549662684,
    "d2": 0.9590112716676712
  },
  "Cov": [
    [
      1.517420714935573e-06,
      -1.315887190041685e-05,
      2.4398625243349844e-05,
      3.477944356747952e-08,
      -2.4392777735206646e-07,
      -7.374948465907688e-06,
      5.82511559788363e-09,
      2.176640306876976e-07,
      -2.494520940779724e-06,
      6.75395637753842e-07,
      -7.782723368792828e-06,
      5.288527943355477e-07
    ],
    [
      -1.315887190041685e-05,
      0.0030188009255245653,
      -0.015220997690655089,
      -6.156770059812468e-07,
      0.00016006897329485826,
      0.00502998310325118,
      -1.0311808824201846e-07,
      2.361496294722686e-05,
      0.0008859810356317711,
      -4.839575968271316e-06,
      0.001558340548390604,
      0.0016831406980914385
    ],
    [
      2.4398625243349844e-05,
      -0.015220997690655089,
      0.9667220730433768,
      1.2353127573775514e-06,
      -7.76441910674017e-05,
      0.005071512744912395,
      2.0689921612182067e-07,
      -5.3661303812337745e-06,
      -5.629429126210073e-05,
      9.426532889895225e-06,
      -0.0004188156198428063,
      0.0084274689398537
    ],
    [
      3.477944356747952e-08,
      -6.156770059812468e-07,
      1.2353127573775514e-06,
      5.3350967541986325e-08,
      -4.769707833477462e-07,
      5.739786826964254e-06,
      8.93561027185605e-09,
      -1.396080055494485e-08,
      8.713516972603028e-07,
      2.3698891766662713e-07,
      -7.866991060606047e-07,
      2.3434108120703166e-06
    ],
    [
      -2.4392777735206646e-07,
      0.00016006897329485826,
      -7.76441910674017e-05,
      -4.769707833477462e-07,
      0.00014968878178257632,
      -0.003367175469548676,
      -7.988655552878327e-08,
      2.2643224438932608e-05,
      -0.00043191475307697885,
      -2.5679522897498e-06,
      0.00044987792935528837,
      -0.002012004659616514
    ],
    [
      -7.374948465907688e-06,
      0.00502998310325118,
      0.005071512744912395,
      5.739786826964254e-06,
      -0.003367175469548676,
      0.2772199195507406,
      9.61341480619086e-07,
      -0.0005361866540752964,
      0.03671427943594438,
      4.923758328067126e-06,
      -0.00031191098610708345,
      0.1625240876220344
    ],
    [
      5.82511559788363e-09,
      -1.0311808824201846e-07,
      2.0689921612182067e-07,
      8.93561027185605e-09,
      -7.988655552878327e-08,
      9.61341480619086e-07,
      1.4966013665574588e-09,
      -2.338256991195301e-09,
      1.459403556329078e-07,
      3.96926373519171e-08,
      -1.317621204796957e-07,
      3.924915833446303e-07
    ],
    [
      2.176640306876976e-07,
      2.361496294722686e-05,
      -5.3661303812337745e-06,
      -1.396080055494485e-08,
      2.2643224438932608e-05,
      -0.0005361866540752964,
      -2.338256991195301e-09,
      6.126933452039651e-06,
      -8.490975766548654e-05,
      8.461824362657678e-07,
      9.321141959316333e-05,
      -0.0003433400682994708
    ],
    [
      -2.494520940779724e-06,
      0.0008859810356317711,
      -5.629429126210073e-05,
      8.713516972603028e-07,
      -0.00043191475307697885,
      0.03671427943594438,
      1.459403556329078e-07,
      -8.490975766548654e-05,
      0.008212757398258705,
      -8.768787642293343e-06,
      0.00150086953254168,
      0.03041338076211663
    ],
    [
      6.75395637753842e-07,
      -4.839575968271316e-06,
      9.426532889895225e-06,
      2.3698891766662713e-07,
      -2.5679522897498e-06,
      4.923758328067126e-06,
      3.96926373519171e-08,
      8.461824362657678e-07,
      -8.768787642293343e-06,
      2.352684465256114e-06,
      -1.9830011956997273e-05,
      6.234125923966277e-06
    ],
    [
      -7.782723368792828e-06,
      0.001558340548390604,
      -0.0004188156198428063,
      -7.866991060606047e-07,
      0.00044987792935528837,
      -0.00031191098610708345,
      -1.317621204796957e-07,
      9.321141959316333e-05,
      0.00150086953254168,
      -1.9830011956997273e-05,
      0.004476283774804897,
      -0.011061243342288599
    ],
    [
      5.288527943355477e-07,
      0.0016831406980914385,
      0.0084274689398537,
      2.3434108120703166e-06,
      -0.002012004659616514,
      0.1625240876220344,
      3.924915833446303e-07,
      -0.0003433400682994708,
      0.03041338076211663,
      6.234125923966277e-06,
      -0.011061243342288599,
      0.9197026191856439
    ]
  ],
  "Corr": [
    [
      0.9999999999999999,
      -0.19442334808643374,
      0.020144733887470245,
      0.12223581577911742,
      -0.016185034419299388,
      -0.01137087195610042,
      0.12223581577911741,
      0.07138584115493472,
      -0.022345478180732563,
      0.3574566694804698,
      -0.09443212970614455,
      0.00044767009875725823
    ],
    [
      -0.19442334808643374,
      1.0000000000000002,
      -0.28175722763623323,
      -0.04851371659777705,
      0.23811968266304606,
      0.1738749717191753,
      -0.04851371659777705,
      0.17363946922401727,
      0.17793553630407413,
      -0.05742595573324562,
      0.42392236421546486,
      0.03194327735886154
    ],
    [
      0.020144733887470245,
      -0.28175722763623323,
      0.9999999999999999,
      0.005439449624998779,
      -0.0064545136740686215,
      0.009796579951864073,
      0.005439449624998777,
      -0.002204899614207253,
      -0.0006317846082680399,
      0.0062505657410255495,
      -0.006366683305711584,
      0.008937635344455708
    ],
    [
      0.12223581577911742,
      -0.04851371659777705,
      0.005439449624998779,
      1.0000000000000002,
      -0.16878195008755226,
      0.04719678290649109,
      0.9999999999999998,
      -0.024418421787577086,
      0.04162726084854683,
      0.6689213308416352,
      -0.05090714029366328,
      0.010579218030217323
    ],
    [
      -0.016185034419299388,
      0.23811968266304606,
      -0.0064545136740686215,
      -0.16878195008755226,
      1.0,
      -0.522707709086375,
      -0.16878195008754654,
      0.7476908444267728,
      -0.389546148361461,
      -0.136839185741138,
      0.5495930791049694,
      -0.17147888207257322
    ],
    [
      -0.01137087195610042,
      0.1738749717191753,
      0.009796579951864073,
      0.04719678290649109,
      -0.522707709086375,
      1.0,
      0.047196782906480134,
      -0.41141697040120057,
      0.7694462641966353,
      0.006096810118367037,
      -0.008854410443267567,
      0.3218709697283494
    ],
    [
      0.12223581577911741,
      -0.04851371659777705,
      0.005439449624998777,
      0.9999999999999998,
      -0.16878195008754654,
      0.047196782906480134,
      0.9999999999999999,
      -0.024418421787574,
      0.04162726084854062,
      0.6689213308416357,
      -0.050907140293666345,
      0.010579218030221434
    ],
    [
      0.07138584115493472,
      0.17363946922401727,
      -0.002204899614207253,
      -0.024418421787577086,
      0.7476908444267728,
      -0.41141697040120057,
      -0.024418421787574,
      1.0,
      -0.37852234566785353,
      0.22287460302213452,
      0.5628448998997265,
      -0.14463693028007368
    ],
    [
      -0.022345478180732563,
      0.17793553630407413,
      -0.0006317846082680399,
      0.04162726084854683,
      -0.389546148361461,
      0.7694462641966353,
      0.04162726084854062,
      -0.37852234566785353,
      1.0,
      -0.06308312703680179,
      0.2475367240228797,
      0.34994233911601497
    ],
    [
      0.3574566694804698,
      -0.05742595573324562,
      0.0062505657410255495,
      0.6689213308416352,
      -0.136839185741138,
      0.006096810118367037,
      0.6689213308416357,
      0.22287460302213452,
      -0.06308312703680179,
      1.0,
      -0.19323345904750364,
      0.004238088450206734
    ],
    [
      -0.09443212970614455,
      0.42392236421546486,
      -0.006366683305711584,
      -0.05090714029366328,
      0.5495930791049694,
      -0.008854410443267567,
      -0.050907140293666345,
      0.5628448998997265,
      0.2475367240228797,
      -0.19323345904750364,
      0.9999999999999998,
      -0.17239371540206683
    ],
    [
      0.00044767009875725823,
      0.03194327735886154,
      0.008937635344455708,
      0.010579218030217323,
      -0.17147888207257322,
      0.3218709697283494,
      0.010579218030221434,
      -0.14463693028007368,
      0.34994233911601497,
      0.004238088450206734,
      -0.17239371540206683,
      1.0
    ]
  ]
}