{
  "Comments" : [
    "FF parameters and their uncertainties from fit to LCSR+Lattice from arXiv:1811.00983",
    "Parameters and uncertianties taken from BD_LCSR-Lattice.json in ancillary files in https://arxiv.org/abs/1811.00983",
    "Note that Lattice only provided input here at zero recoil"
  ],
  "Type" : "Symmetric",
  "Params": [
    "f+_0", "f+_1", "f+_2",
    "f0_1", "f0_2", 
    "fT_0", "fT_1", "fT_2"
  ],
  "Mean": {
    "f+_0": 0.6808814829635919,
    "f+_1": -2.221782088112512,
    "f+_2": 0.6541000835887975,
    "f0_1": 0.5779088408438552,
    "f0_2": 1.327116201548622,
    "fT_0": 0.5648201165054019,
    "fT_1": -2.502775386533468,
    "fT_2": 10.59175281076362
  },
  "Error": {
    "f+_0": 0.02809178869872368,
    "f+_1": 0.3791785455658475,
    "f+_2": 2.6349339571283488,
    "f0_1": 0.3651151563337801,
    "f0_2": 2.5261593380065115,
    "fT_0": 0.036358593548297465,
    "fT_1": 2.2036619810355114,
    "fT_2": 31.782719189064913
  },
  "Cov": [
    [
      0.0007891485922937394,
      0.003273414423284493,
      -0.010304391518743168,
      0.004350705557039431,
      0.013150589779713263,
      0.00026816791200183954,
      -0.00032622610367856654,
      0.0016145243848144487
    ],
    [
      0.0032734144232844935,
      0.1437763694174315,
      0.1568945265111883,
      0.05953271360237562,
      0.2319462985394219,
      0.0020136259814658576,
      0.003561205748909406,
      -0.04935915617896997
    ],
    [
      -0.01030439151874317,
      0.1568945265111883,
      6.942876958428059,
      -0.004927380051960393,
      0.5181346895610724,
      -0.001014929227050394,
      0.04341986206480213,
      -0.5721025621321988
    ],
    [
      0.004350705557039431,
      0.05953271360237562,
      -0.004927380051960392,
      0.13330907738464068,
      0.5996643993603735,
      0.0023010054277375225,
      -0.0012829447748839338,
      0.0134827711979007
    ],
    [
      0.013150589779713262,
      0.2319462985394219,
      0.5181346895610724,
      0.5996643993603736,
      6.381481000997496,
      0.009412092615303739,
      -0.01128585729587914,
      0.24723529273191383
    ],
    [
      0.00026816791200183954,
      0.0020136259814658576,
      -0.001014929227050394,
      0.002301005427737523,
      0.009412092615303739,
      0.001321947324810298,
      -0.052437919787680996,
      0.5579386189449826
    ],
    [
      -0.00032622610367856654,
      0.0035612057489094054,
      0.04341986206480214,
      -0.0012829447748839338,
      -0.01128585729587914,
      -0.052437919787680996,
      4.856126126661354,
      -67.15544711685367
    ],
    [
      0.0016145243848144487,
      -0.049359156178969965,
      -0.5721025621321988,
      0.013482771197900699,
      0.24723529273191386,
      0.5579386189449826,
      -67.15544711685367,
      1010.141239050955
    ]
  ],
  "Corr": [
    [
      1.0,
      0.307310813455567,
      -0.1392108944987795,
      0.4241802444754962,
      0.18531266306575392,
      0.26255502965472227,
      -0.005269802473931527,
      0.0018083153334501768
    ],
    [
      0.307310813455567,
      1.0,
      0.15703422014497526,
      0.43001347121764766,
      0.24214915040452856,
      0.146058882881641,
      0.004261949803807071,
      -0.004095745091216265
    ],
    [
      -0.1392108944987795,
      0.15703422014497526,
      1.0,
      -0.005121727464496161,
      0.07784167902314144,
      -0.01059397514265482,
      0.007477797945378059,
      -0.006831453358877668
    ],
    [
      0.4241802444754962,
      0.43001347121764766,
      -0.005121727464496161,
      1.0,
      0.6501561348891965,
      0.17333278162595286,
      -0.0015945315689598932,
      0.0011618719109774904
    ],
    [
      0.18531266306575392,
      0.24214915040452856,
      0.07784167902314144,
      0.6501561348891965,
      1.0,
      0.10247510607697276,
      -0.0020273504846875312,
      0.003079347315183189
    ],
    [
      0.26255502965472227,
      0.146058882881641,
      -0.01059397514265482,
      0.17333278162595286,
      0.10247510607697276,
      1.0,
      -0.6544755108025897,
      0.4828233857452543
    ],
    [
      -0.005269802473931527,
      0.004261949803807071,
      0.007477797945378059,
      -0.0015945315689598932,
      -0.0020273504846875312,
      -0.6544755108025897,
      1.0,
      -0.95883795101368
    ],
    [
      0.0018083153334501768,
      -0.004095745091216265,
      -0.006831453358877668,
      0.0011618719109774904,
      0.003079347315183189,
      0.4828233857452543,
      -0.95883795101368,
      1.0
    ]
  ]
}