{
  "Comments" : [
    "FF parameters and their uncertainties from fit to LCSR+Lattice from arXiv:1811.00983",
    "Parameters and uncertianties taken from BDstar_LCSR-Lattice.json in ancillary files in https://arxiv.org/abs/1811.00983",
    "Note that Lattice only provided input here at zero recoil"
  ],
  "Type" : "Symmetric",
  "Params": [
    "A0_0", "A0_1", "A0_2", 
    "A1_0", "A1_1", "A1_2", 
    "A12_1", "A12_2",
    "V_0", "V_1", "V_2",
    "T1_0", "T1_1", "T1_2",
    "T2_1", "T2_2",
    "T23_0", "T23_1", "T23_2"
  ],
  "Mean": {
    "A0_0": 0.6759274184148141,
    "A0_1": -2.663700079984666,
    "A0_2": 9.24495323738047,
    "A1_0": 0.601315572767782,
    "A1_1": 0.2689438444495897,
    "A1_2": 10.48603248711299,
    "A12_1": -0.1487638329486358,
    "A12_2": 5.724359813703122,
    "V_0": 0.6851323923652662,
    "V_1": -1.16783793558669,
    "V_2": -4.016847943717434,
    "T1_0": 0.6302298493900512,
    "T1_1": -1.417576776632095,
    "T1_2": -0.6878528871949201,
    "T2_1": 1.522684874603372,
    "T2_2": 0.006625613047247359,
    "T23_0": 0.806230464649646,
    "T23_1": 0.5855443911134184,
    "T23_2": 4.667079193615467
  },
  "Error": {
    "A0_0": 0.0808876366190005,
    "A0_1": 3.2589476757157074,
    "A0_2": 45.87705696547663,
    "A1_0": 0.0643210782158057,
    "A1_1": 0.6983843781876006,
    "A1_2": 12.193879608902861,
    "A12_1": 0.9161383680028049,
    "A12_2": 18.84881920776686,
    "V_0": 0.09128750428028615,
    "V_1": 2.928481770033401,
    "V_2": 44.476176497678225,
    "T1_0": 0.07801131116181612,
    "T1_1": 2.630324407645521,
    "T1_2": 39.922417027219986,
    "T2_1": 3.0968557376350287,
    "T2_2": 47.53667408430061,
    "T23_0": 0.09270560375498305,
    "T23_1": 3.644391367282415,
    "T23_2": 57.422246099903546
  },
  "Error_lo" : {},
  "Error_hi" : {},
  "Cov": [
    [
      0.006542809757807471,
      -0.11456035419807091,
      1.245960775165568,
      0.004782346465082965,
      0.03829257890257711,
      -0.8340266485680718,
      0.021162278427472307,
      -0.524782134433826,
      0.00461204663838732,
      -0.012083729197184858,
      0.02494745085961938,
      0.00401474025469367,
      -0.009375655402341766,
      0.018378415106746385,
      0.010454246581027499,
      0.01977255280377548,
      0.004709371454878413,
      0.005399969064607033,
      0.05702769942028968
    ],
    [
      -0.1145603541980709,
      10.620739953052812,
      -143.43542239204803,
      -0.04337161170899697,
      0.2443787999840454,
      17.94773354198095,
      0.147395448003716,
      12.608400856167622,
      0.014494488708371703,
      0.0070235273725556616,
      -0.776693838049468,
      0.01134729349783512,
      0.04111306963675902,
      -0.7459837201086106,
      0.1489095543836693,
      -1.5706546127106955,
      0.01300979165870084,
      0.05809979677518654,
      0.004649178048391685
    ],
    [
      1.245960775165568,
      -143.435422392048,
      2104.704355813588,
      0.4297552072416245,
      -3.2893000475088154,
      -193.0850583082367,
      -1.7700381220913473,
      -136.336016234296,
      -0.2657793448387823,
      0.22800984050497164,
      8.302128674738833,
      -0.21383721764522054,
      -0.7097318221404916,
      14.09690987719277,
      -2.330957610284522,
      25.49094945762276,
      -0.2656258346526444,
      -0.6117215995376125,
      -1.18405083440055
    ],
    [
      0.004782346465082965,
      -0.04337161170899697,
      0.4297552072416245,
      0.004137201102843794,
      0.03734282746351783,
      -0.6473379664029615,
      0.02470971791900547,
      -0.4687649775046773,
      0.004602625135437193,
      -0.01194296478534939,
      0.02217462901094992,
      0.00396121305173373,
      -0.008578672219265879,
      0.0137967527307979,
      0.01225877296243844,
      0.0024787561971919875,
      0.004588527369236015,
      0.005623188131591313,
      0.06125472267922745
    ],
    [
      0.03829257890257711,
      0.24437879998404538,
      -3.289300047508816,
      0.03734282746351783,
      0.4877407396964815,
      -3.342655649085358,
      0.2383637280490352,
      -1.1738121806377149,
      0.050329814489496597,
      -0.1249911665126681,
      0.1235292879600011,
      0.04297937810214459,
      -0.08901445048777651,
      0.118320102308893,
      0.142754737170979,
      -0.05295101394496952,
      0.049052714402762015,
      0.07134706358514273,
      0.6232552722719917
    ],
    [
      -0.834026648568072,
      17.94773354198095,
      -193.08505830823668,
      -0.6473379664029615,
      -3.342655649085358,
      148.690699916417,
      -3.716999136178024,
      129.9516395252438,
      -0.5649230835188005,
      1.56915469849509,
      -4.97458622133146,
      -0.4924010914201726,
      1.1220859883949157,
      -2.070557786582007,
      -1.3282992758060999,
      -2.0654195158378927,
      -0.5830194792465329,
      -0.5594588408223318,
      -7.548389919026471
    ],
    [
      0.02116227842747231,
      0.147395448003716,
      -1.770038122091347,
      0.02470971791900547,
      0.2383637280490352,
      -3.716999136178024,
      0.8393095093268428,
      -14.326617612891708,
      0.02507482955152493,
      -0.07073221626443907,
      0.1537766911594489,
      0.021583749154446386,
      -0.04618121327849913,
      0.0853170834842923,
      0.05542007515650184,
      0.1354968734464813,
      0.025385325112283485,
      0.021878742733669288,
      0.37320882924944526
    ],
    [
      -0.524782134433826,
      12.60840085616762,
      -136.336016234296,
      -0.46876497750467727,
      -1.173812180637715,
      129.95163952524376,
      -14.326617612891708,
      355.2779855270809,
      -0.3486053276325582,
      1.0710287436887551,
      -3.810672946381406,
      -0.302453221014795,
      0.6107718078426014,
      -0.2620677915977011,
      -0.7088980298993669,
      -2.727954241970439,
      -0.36833104133903105,
      -0.15888287487158684,
      -4.562995703107297
    ],
    [
      0.004612046638387319,
      0.014494488708371705,
      -0.2657793448387823,
      0.004602625135437193,
      0.0503298144894966,
      -0.5649230835188005,
      0.02507482955152493,
      -0.3486053276325582,
      0.008333408437723261,
      -0.09713580359814945,
      0.9261742384738564,
      0.005442500401092462,
      -0.010492442826920438,
      0.005986250610676927,
      0.021099074366093543,
      -0.04007864491958653,
      0.006164768120498282,
      0.0077943224028272,
      0.1019275909870929
    ],
    [
      -0.01208372919718486,
      0.0070235273725556616,
      0.2280098405049716,
      -0.01194296478534939,
      -0.12499116651266812,
      1.56915469849509,
      -0.07073221626443907,
      1.0710287436887551,
      -0.09713580359814945,
      8.576005477417961,
      -124.69310232289712,
      -0.012613171260913892,
      -0.08537980864595615,
      1.711532728512298,
      -0.1275094027114389,
      1.375798682510023,
      -0.015679974388856883,
      -0.01167135875504747,
      -0.31939106879382545
    ],
    [
      0.024947450859619375,
      -0.776693838049468,
      8.302128674738833,
      0.02217462901094992,
      0.1235292879600011,
      -4.97458622133146,
      0.1537766911594489,
      -3.8106729463814064,
      0.9261742384738564,
      -124.69310232289712,
      1978.130275852625,
      0.001387412118424908,
      1.6761666168508318,
      -27.110915611945924,
      1.1361470050159193,
      -19.82591929426318,
      0.021681476451420646,
      0.07918174700900822,
      -2.01541181753721
    ],
    [
      0.00401474025469367,
      0.01134729349783512,
      -0.21383721764522054,
      0.00396121305173373,
      0.0429793781021446,
      -0.49240109142017263,
      0.021583749154446386,
      -0.302453221014795,
      0.005442500401092462,
      -0.012613171260913892,
      0.001387412118424908,
      0.006085764669185696,
      -0.07378522560414058,
      0.7348449196982315,
      -0.05752447465629788,
      0.8210743730042335,
      0.005345799827749479,
      0.006784608353340076,
      0.07716850529235574
    ],
    [
      -0.009375655402341766,
      0.04111306963675902,
      -0.7097318221404916,
      -0.008578672219265879,
      -0.0890144504877765,
      1.1220859883949157,
      -0.04618121327849913,
      0.6107718078426014,
      -0.010492442826920438,
      -0.08537980864595615,
      1.676166616850832,
      -0.07378522560414058,
      6.91860648945576,
      -100.6169927272879,
      3.22895016534298,
      -36.6713593665729,
      -0.01070257026098783,
      -0.05471829072108002,
      0.4881483655082147
    ],
    [
      0.018378415106746385,
      -0.7459837201086106,
      14.09690987719277,
      0.013796752730797902,
      0.118320102308893,
      -2.070557786582007,
      0.08531708348429229,
      -0.2620677915977011,
      0.005986250610676926,
      1.711532728512298,
      -27.110915611945924,
      0.7348449196982314,
      -100.61699272728791,
      1593.7993812952643,
      -36.39300333583161,
      407.9661831234111,
      0.001250428336497053,
      0.450621395927106,
      -5.505099977968204
    ],
    [
      0.0104542465810275,
      0.1489095543836693,
      -2.3309576102845226,
      0.01225877296243844,
      0.142754737170979,
      -1.3282992758061,
      0.05542007515650184,
      -0.7088980298993669,
      0.021099074366093543,
      -0.1275094027114389,
      1.1361470050159193,
      -0.05752447465629788,
      3.2289501653429804,
      -36.393003335831615,
      9.590515459722997,
      -139.5417370550666,
      0.023686297684736506,
      0.059149310917466266,
      -0.15391103660598562
    ],
    [
      0.01977255280377548,
      -1.5706546127106953,
      25.490949457622765,
      0.0024787561971919875,
      -0.05295101394496952,
      -2.065419515837893,
      0.1354968734464813,
      -2.727954241970439,
      -0.04007864491958653,
      1.375798682510023,
      -19.82591929426318,
      0.8210743730042335,
      -36.6713593665729,
      407.9661831234111,
      -139.5417370550666,
      2259.735382997017,
      -0.07576080744404473,
      -0.5276480399201693,
      7.56383215062146
    ],
    [
      0.004709371454878413,
      0.013009791658700842,
      -0.2656258346526444,
      0.004588527369236015,
      0.049052714402762015,
      -0.5830194792465329,
      0.02538532511228348,
      -0.36833104133903105,
      0.006164768120498282,
      -0.01567997438885688,
      0.021681476451420642,
      0.005345799827749479,
      -0.01070257026098783,
      0.0012504283364970527,
      0.023686297684736506,
      -0.07576080744404474,
      0.008594328967575927,
      -0.10336590761518498,
      1.34541826197464
    ],
    [
      0.005399969064607033,
      0.05809979677518655,
      -0.6117215995376126,
      0.005623188131591313,
      0.07134706358514274,
      -0.5594588408223317,
      0.021878742733669288,
      -0.15888287487158684,
      0.0077943224028272,
      -0.01167135875504747,
      0.07918174700900822,
      0.006784608353340076,
      -0.054718290721080025,
      0.450621395927106,
      0.059149310917466266,
      -0.5276480399201693,
      -0.10336590761518498,
      13.28158843792259,
      -199.8702376089641
    ],
    [
      0.05702769942028968,
      0.004649178048391685,
      -1.18405083440055,
      0.06125472267922745,
      0.6232552722719916,
      -7.54838991902647,
      0.3732088292494452,
      -4.562995703107296,
      0.1019275909870929,
      -0.31939106879382545,
      -2.01541181753721,
      0.07716850529235574,
      0.4881483655082147,
      -5.505099977968203,
      -0.15391103660598562,
      7.56383215062146,
      1.34541826197464,
      -199.8702376089641,
      3297.314347157888
    ]
  ],
  "Corr": [
    [
      1.0,
      -0.43458508147691804,
      0.33575823557477263,
      0.9191905987865914,
      0.6778567940301745,
      -0.8455822892229906,
      0.28557435582185753,
      -0.3442014903273888,
      0.6245974545442846,
      -0.051012465342145576,
      0.006934522865130662,
      0.636235252676769,
      -0.04406666412618415,
      0.0056912686077315545,
      0.04173396218745605,
      0.005142233635213442,
      0.6280219370452927,
      0.018318255671682146,
      0.012277884098373751
    ],
    [
      -0.43458508147691804,
      1.0,
      -0.959364135794069,
      -0.20690684452743252,
      0.10737214369356873,
      0.45163784102823495,
      0.04936800892907402,
      0.2052572335916638,
      0.04872077394455052,
      0.0007359280675365645,
      -0.005358522109757004,
      0.04463312786986393,
      0.00479615490327785,
      -0.005733702234240587,
      0.014754489968204151,
      -0.010138518862279537,
      0.04306128320380528,
      0.0048918396902284614,
      2.4843833772006304e-05
    ],
    [
      0.33575823557477263,
      -0.959364135794069,
      1.0,
      0.1456371869736353,
      -0.10266287568341084,
      -0.34515265212927637,
      -0.042113952047114975,
      -0.15766340473968435,
      -0.06346208590027952,
      0.0016971315845699605,
      0.0040688011473432335,
      -0.05974893488242191,
      -0.005881517765791823,
      0.007696823832396411,
      -0.016406572081436265,
      0.01168857772281158,
      -0.062455224740327074,
      -0.0036587543880366507,
      -0.00044946369950426163
    ],
    [
      0.9191905987865914,
      -0.20690684452743252,
      0.1456371869736353,
      1.0,
      0.8313030346437591,
      -0.8253456380483543,
      0.41932755310321196,
      -0.38664971319914826,
      0.783864425257568,
      -0.06340394944313268,
      0.007751318847282392,
      0.7894366923086663,
      -0.05070577715693431,
      0.005372875014332667,
      0.06154215660501615,
      0.0008106841913345194,
      0.7695095676212199,
      0.023988566070956095,
      0.016584641419728707
    ],
    [
      0.6778567940301745,
      0.10737214369356873,
      -0.10266287568341084,
      0.8313030346437591,
      1.0,
      -0.3925140617946786,
      0.37255001148328754,
      -0.08917024230162461,
      0.7894406389838955,
      -0.061114220964488375,
      0.0039769302746381,
      0.7888747099734784,
      -0.04845701793150848,
      0.004243724610063977,
      0.06600472677065194,
      -0.0015949643175654415,
      0.7576393830632446,
      0.028032160956271035,
      0.015541440446041038
    ],
    [
      -0.8455822892229906,
      0.45163784102823495,
      -0.34515265212927637,
      -0.8253456380483543,
      -0.3925140617946786,
      1.0,
      -0.332728104143315,
      0.565399879243548,
      -0.5075000437909643,
      0.043942153192796755,
      -0.009172497767623203,
      -0.5176301050635567,
      0.0349844395969255,
      -0.004253325558189094,
      -0.035174915119134946,
      -0.0035631785105157973,
      -0.5157451773861778,
      -0.012589289745426004,
      -0.010780334754863457
    ],
    [
      0.28557435582185753,
      0.04936800892907402,
      -0.042113952047114975,
      0.41932755310321196,
      0.37255001148328754,
      -0.332728104143315,
      1.0,
      -0.8296567458907823,
      0.2998234406900831,
      -0.02636414365653861,
      0.0037740008621379066,
      0.30200089907031175,
      -0.019164387860672913,
      0.0023326957716277444,
      0.019533724746358005,
      0.0031112822357711937,
      0.29889294994001536,
      0.0065529413430438855,
      0.007094318162764562
    ],
    [
      -0.3442014903273888,
      0.2052572335916638,
      -0.15766340473968435,
      -0.38664971319914826,
      -0.08917024230162461,
      0.565399879243548,
      -0.8296567458907823,
      1.0,
      -0.2025995783508127,
      0.019403248806895874,
      -0.004545588136479818,
      -0.20569156751313566,
      0.012319285462241683,
      -0.0003482672793231459,
      -0.012144472217615153,
      -0.0030445572119593626,
      -0.2107891173852269,
      -0.002312958983858275,
      -0.00421585567451347
    ],
    [
      0.6245974545442846,
      0.04872077394455052,
      -0.06346208590027952,
      0.783864425257568,
      0.7894406389838955,
      -0.5075000437909643,
      0.2998234406900831,
      -0.2025995783508127,
      1.0,
      -0.36335026271485926,
      0.22811503892091337,
      0.7642396369251135,
      -0.043697436756078206,
      0.0016425807671186206,
      0.07463303347548098,
      -0.009235765605747898,
      0.7284494591378118,
      0.0234283672228247,
      0.019444655349951045
    ],
    [
      -0.051012465342145576,
      0.0007359280675365645,
      0.0016971315845699605,
      -0.06340394944313268,
      -0.061114220964488375,
      0.043942153192796755,
      -0.02636414365653861,
      0.019403248806895874,
      -0.36335026271485926,
      1.0,
      -0.9573537886483257,
      -0.0552108191151641,
      -0.011084174065774225,
      0.014639486936524443,
      -0.01405978603883531,
      0.009882881122549102,
      -0.057755964061019606,
      -0.001093588373938116,
      -0.0018993284198878697
    ],
    [
      0.006934522865130662,
      -0.005358522109757004,
      0.0040688011473432335,
      0.007751318847282392,
      0.0039769302746381,
      -0.009172497767623203,
      0.0037740008621379066,
      -0.004545588136479818,
      0.22811503892091337,
      -0.9573537886483257,
      1.0,
      0.00039987150869486015,
      0.014327830228922256,
      -0.015268624449503766,
      0.008248711381284596,
      -0.009377284578554721,
      0.005258421821779019,
      0.0004885090629287145,
      -0.0007891438560280501
    ],
    [
      0.636235252676769,
      0.04463312786986393,
      -0.05974893488242191,
      0.7894366923086663,
      0.7888747099734784,
      -0.5176301050635567,
      0.30200089907031175,
      -0.20569156751313566,
      0.7642396369251135,
      -0.0552108191151641,
      0.00039987150869486015,
      1.0,
      -0.3595857868445866,
      0.23595071179072852,
      -0.23810806679221166,
      0.221409436751185,
      0.7391781636422687,
      0.023863942626268186,
      0.017226709688656597
    ],
    [
      -0.04406666412618415,
      0.00479615490327785,
      -0.005881517765791823,
      -0.05070577715693431,
      -0.04845701793150848,
      0.0349844395969255,
      -0.019164387860672913,
      0.012319285462241683,
      -0.043697436756078206,
      -0.011084174065774225,
      0.014327830228922256,
      -0.3595857868445866,
      1.0,
      -0.9581757845248338,
      0.3963976329602311,
      -0.29328435815335213,
      -0.043890728164729935,
      -0.0057081870816218785,
      0.0032319329955556443
    ],
    [
      0.0056912686077315545,
      -0.005733702234240587,
      0.007696823832396411,
      0.005372875014332667,
      0.004243724610063977,
      -0.004253325558189094,
      0.0023326957716277444,
      -0.0003482672793231459,
      0.0016425807671186206,
      0.014639486936524443,
      -0.015268624449503766,
      0.23595071179072852,
      -0.9581757845248338,
      1.0,
      -0.29436088192651605,
      0.2149703410365154,
      0.00033785938973192623,
      0.003097205147728326,
      -0.002401420465626084
    ],
    [
      0.04173396218745605,
      0.014754489968204151,
      -0.016406572081436265,
      0.06154215660501615,
      0.06600472677065194,
      -0.035174915119134946,
      0.019533724746358005,
      -0.012144472217615153,
      0.07463303347548098,
      -0.01405978603883531,
      0.008248711381284596,
      -0.23810806679221166,
      0.3963976329602311,
      -0.29436088192651605,
      1.0,
      -0.9478821765133209,
      0.08250309133841204,
      0.00524087384077695,
      -0.0008655030690162011
    ],
    [
      0.005142233635213442,
      -0.010138518862279537,
      0.01168857772281158,
      0.0008106841913345194,
      -0.0015949643175654415,
      -0.0035631785105157973,
      0.0031112822357711937,
      -0.0030445572119593626,
      -0.009235765605747898,
      0.009882881122549102,
      -0.009377284578554721,
      0.221409436751185,
      -0.29328435815335213,
      0.2149703410365154,
      -0.9478821765133209,
      1.0,
      -0.017191343382776926,
      -0.003045723870348072,
      0.0027709769537281412
    ],
    [
      0.6280219370452927,
      0.04306128320380528,
      -0.062455224740327074,
      0.7695095676212199,
      0.7576393830632446,
      -0.5157451773861778,
      0.29889294994001536,
      -0.2107891173852269,
      0.7284494591378118,
      -0.057755964061019606,
      0.005258421821779019,
      0.7391781636422687,
      -0.043890728164729935,
      0.00033785938973192623,
      0.08250309133841204,
      -0.017191343382776926,
      1.0,
      -0.3059470897947274,
      0.2527383555919358
    ],
    [
      0.018318255671682146,
      0.0048918396902284614,
      -0.0036587543880366507,
      0.023988566070956095,
      0.028032160956271035,
      -0.012589289745426004,
      0.0065529413430438855,
      -0.002312958983858275,
      0.0234283672228247,
      -0.001093588373938116,
      0.0004885090629287145,
      0.023863942626268186,
      -0.0057081870816218785,
      0.003097205147728326,
      0.00524087384077695,
      -0.003045723870348072,
      -0.3059470897947274,
      1.0,
      -0.9550870211519283
    ],
    [
      0.012277884098373751,
      2.4843833772006304e-05,
      -0.00044946369950426163,
      0.016584641419728707,
      0.015541440446041038,
      -0.010780334754863457,
      0.007094318162764562,
      -0.00421585567451347,
      0.019444655349951045,
      -0.0018993284198878697,
      -0.0007891438560280501,
      0.017226709688656597,
      0.0032319329955556443,
      -0.002401420465626084,
      -0.0008655030690162011,
      0.0027709769537281412,
      0.2527383555919358,
      -0.9550870211519283,
      1.0
    ]
  ]
}