{
  "Comments" : [
    "FF parameters and uncertainties from fit to Lattice in arXiv:2304.03137v2.",
    "Parameters and their uncertainties are extracted from hpqcd_BDstar.pydat in the ancillary files in https://arxiv.org/abs/2304.03137v2"
  ],
  "Params": [
    "a^0_hA1", "a^1_hA1", "a^2_hA1", "a^3_hA1", "a^4_hA1", "a^5_hA1", "a^6_hA1", "a^7_hA1", "a^8_hA1", "a^9_hA1", "a^10_hA1", 
    "a^0_hA2", "a^1_hA2", "a^2_hA2", "a^3_hA2", "a^4_hA2", "a^5_hA2", "a^6_hA2", "a^7_hA2", "a^8_hA2", "a^9_hA2", "a^10_hA2", 
    "a^0_hA3", "a^1_hA3", "a^2_hA3", "a^3_hA3", "a^4_hA3", "a^5_hA3", "a^6_hA3", "a^7_hA3", "a^8_hA3", "a^9_hA3", "a^10_hA3", 
    "a^0_hV", "a^1_hV", "a^2_hV", "a^3_hV", "a^4_hV", "a^5_hV", "a^6_hV", "a^7_hV", "a^8_hV", "a^9_hV", "a^10_hV", 
    "a^0_hT1", "a^1_hT1", "a^2_hT1", "a^3_hT1", "a^4_hT1", "a^5_hT1", "a^6_hT1", "a^7_hT1", "a^8_hT1", "a^9_hT1", "a^10_hT1", 
    "a^0_hT2", "a^1_hT2", "a^2_hT2", "a^3_hT2", "a^4_hT2", "a^5_hT2", "a^6_hT2", "a^7_hT2", "a^8_hT2", "a^9_hT2", "a^10_hT2", 
    "a^0_hT3", "a^1_hT3", "a^2_hT3", "a^3_hT3", "a^4_hT3", "a^5_hT3", "a^6_hT3", "a^7_hT3", "a^8_hT3", "a^9_hT3", "a^10_hT3"
  ],
  "Constants" : {
  },
  "Mean": {
    "a^0_hA1": 0.9033127209857411,
    "a^1_hA1": -0.9508435406529809,
    "a^2_hA1": 0.5257520677535575,
    "a^3_hA1": -0.10086711625761521,
    "a^4_hA1": -0.18939192845292227,
    "a^5_hA1": 0.3400524945787585,
    "a^6_hA1": -0.38728694249597406,
    "a^7_hA1": 0.37132088878018327,
    "a^8_hA1": -0.3237217925179691,
    "a^9_hA1": 0.2653479192536277,
    "a^10_hA1": -0.20819351685286072,
    "a^0_hA2": -0.4642005293547826,
    "a^1_hA2": 0.4762715910680349,
    "a^2_hA2": -1.024703497027969,
    "a^3_hA2": 1.4647317764574475,
    "a^4_hA2": -1.655288306586653,
    "a^5_hA2": 1.6308234881825487,
    "a^6_hA2": -1.4706335052056245,
    "a^7_hA2": 1.2471707316030383,
    "a^8_hA2": -1.011253949245923,
    "a^9_hA2": 0.7925552531002823,
    "a^10_hA2": -0.6049480665398556,
    "a^0_hA3": 1.3554401987030802,
    "a^1_hA3": -1.2307794387685247,
    "a^2_hA3": 0.4092337281757482,
    "a^3_hA3": 0.3128491447530095,
    "a^4_hA3": -0.7495739296382179,
    "a^5_hA3": 0.9267631598398023,
    "a^6_hA3": -0.9269882683956783,
    "a^7_hA3": 0.8292611271071676,
    "a^8_hA3": -0.6910768093514228,
    "a^9_hA3": 0.5479508577968928,
    "a^10_hA3": -0.41856224634866757,
    "a^0_hV": 1.2231306553287695,
    "a^1_hV": -1.9958578437965673,
    "a^2_hV": 2.55917256361585,
    "a^3_hV": -2.671400245583292,
    "a^4_hV": 2.4971801805018696,
    "a^5_hV": -2.181267497854233,
    "a^6_hV": 1.8206590102598812,
    "a^7_hV": -1.471445852774884,
    "a^8_hV": 1.1612767702518605,
    "a^9_hV": -0.9001266450293959,
    "a^10_hV": 0.6880569014570732,
    "a^0_hT1": 0.9229006472316218,
    "a^1_hT1": -1.1546465073714087,
    "a^2_hT1": 0.9681015610543681,
    "a^3_hT1": 0.7695270465359492,
    "a^4_hT1": -0.525549938591732,
    "a^5_hT1": -0.3947275978604678,
    "a^6_hT1": -0.17881029770168894,
    "a^7_hT1": -0.06068235137612874,
    "a^8_hT1": -0.014820648861609841,
    "a^9_hT1": -0.0010156037902605876,
    "a^10_hT1": 0.0017528617366402374,
    "a^0_hT2": -0.10972353521699603,
    "a^1_hT2": 0.029878371191936617,
    "a^2_hT2": -0.3914898707269266,
    "a^3_hT2": 7.435671398299036,
    "a^4_hT2": 4.1672064427294435,
    "a^5_hT2": 1.8337356857119789,
    "a^6_hT2": 0.7240526579747844,
    "a^7_hT2": 0.2710686655731731,
    "a^8_hT2": 0.09883480662543806,
    "a^9_hT2": 0.03557789930656164,
    "a^10_hT2": 0.012731997593546481,
    "a^0_hT3": -0.20107689611999296,
    "a^1_hT3": 1.30505464841678,
    "a^2_hT3": -0.8206859343721933,
    "a^3_hT3": 1.6015122623914702,
    "a^4_hT3": 1.442334286115229,
    "a^5_hT3": 0.8100760357651001,
    "a^6_hT3": 0.3811852402868251,
    "a^7_hT3": 0.16419279860055377,
    "a^8_hT3": 0.06727158745187298,
    "a^9_hT3": 0.026738475289287966,
    "a^10_hT3": 0.010426839830565283
  },
  "Error": {
    "a^0_hA1": 0.01444288333889474,
    "a^1_hA1": 0.14104074330984187,
    "a^2_hA1": 0.7216010403379988,
    "a^3_hA1": 1.5668434516895453,
    "a^4_hA1": 2.26003514288704,
    "a^5_hA1": 2.5835658043180993,
    "a^6_hA1": 2.5695485222250682,
    "a^7_hA1": 2.33229345200699,
    "a^8_hA1": 1.9848442230207153,
    "a^9_hA1": 1.6103295945185272,
    "a^10_hA1": 1.2592410820581097,
    "a^0_hA2": 0.22617583821269013,
    "a^1_hA2": 1.4740790463130533,
    "a^2_hA2": 2.655479417571791,
    "a^3_hA2": 3.834159382881114,
    "a^4_hA2": 4.436909398401074,
    "a^5_hA2": 4.464691039108386,
    "a^6_hA2": 4.098942665338431,
    "a^7_hA2": 3.5298362184193874,
    "a^8_hA2": 2.9006174258824875,
    "a^9_hA2": 2.300460875802984,
    "a^10_hA2": 1.7749459491916528,
    "a^0_hA3": 0.24451230978214492,
    "a^1_hA3": 1.4170544219384422,
    "a^2_hA3": 2.928891679699585,
    "a^3_hA3": 3.8905132199980454,
    "a^4_hA3": 4.226356653754921,
    "a^5_hA3": 4.0794628142929525,
    "a^6_hA3": 3.6351961467710714,
    "a^7_hA3": 3.056331561391762,
    "a^8_hA3": 2.4583075585634013,
    "a^9_hA3": 1.9095481306353435,
    "a^10_hA3": 1.442127597263247,
    "a^0_hV": 0.0970757228327647,
    "a^1_hV": 0.6441773347191395,
    "a^2_hV": 2.2648047097648627,
    "a^3_hV": 3.291628564446104,
    "a^4_hV": 3.6600621609596935,
    "a^5_hV": 3.5670565378459838,
    "a^6_hV": 3.2120941275508073,
    "a^7_hV": 2.7443226161986987,
    "a^8_hV": 2.259068675861077,
    "a^9_hV": 1.8093234893581476,
    "a^10_hV": 1.4192808663699668,
    "a^0_hT1": 0.02145624171776601,
    "a^1_hT1": 0.20333969331601137,
    "a^2_hT1": 1.931473583854733,
    "a^3_hT1": 9.103982163366338,
    "a^4_hT1": 15.729835901878841,
    "a^5_hT1": 18.14135210011793,
    "a^6_hT1": 19.48554912665903,
    "a^7_hT1": 19.887928942492604,
    "a^8_hT1": 19.978537522399723,
    "a^9_hT1": 19.99616151629238,
    "a^10_hT1": 19.999336482228212,
    "a^0_hT2": 0.04097381930615365,
    "a^1_hT2": 0.725547512261924,
    "a^2_hT2": 5.717033058184679,
    "a^3_hT2": 14.451838636158307,
    "a^4_hT2": 17.986862708614428,
    "a^5_hT2": 19.513991208390493,
    "a^6_hT2": 19.901947295430222,
    "a^7_hT2": 19.9822113789612,
    "a^8_hT2": 19.996980371473136,
    "a^9_hT2": 19.99950832219736,
    "a^10_hT2": 19.999921993272576,
    "a^0_hT3": 0.2883038460945947,
    "a^1_hT3": 3.2432279382657128,
    "a^2_hT3": 11.812739707629337,
    "a^3_hT3": 17.17565881959272,
    "a^4_hT3": 19.20862918199659,
    "a^5_hT3": 19.819608050372274,
    "a^6_hT3": 19.96452587437974,
    "a^7_hT3": 19.99362844305478,
    "a^8_hT3": 19.998912858971668,
    "a^9_hT3": 19.999819449199666,
    "a^10_hT3": 19.99997040697782
  },
  "Cov": [
    [
      0.0002085968791409233,
      -0.0003019194224466126,
      0.0002608327703844737,
      -0.00020191134809341234,
      0.00014770260602859129,
      -0.00010428272187079192,
      7.184489749995566e-05,
      -4.861583208369334e-05,
      3.2449645460313724e-05,
      -2.142747055206372e-05,
      1.402721732568389e-05,
      0.00010916548351595017,
      0.00020656609859424316,
      -6.31538686461754e-05,
      -0.00014268714116987392,
      0.00028733537452993885,
      -0.0003519751483635366,
      0.00035463059667166817,
      -0.00032011878704657184,
      0.00026887942925298615,
      -0.00021448774251533028,
      0.00016452046339930754,
      0.00039226137126641716,
      -0.0007118194882507278,
      0.0010077100920283732,
      -0.0011602652834531517,
      0.0011633558541850743,
      -0.0010626112829518397,
      0.0009085994607384689,
      -0.0007398864641656745,
      0.0005803641541414707,
      -0.0004419979707815392,
      0.0003287082399060699,
      4.235466443639911e-05,
      6.459524286044675e-05,
      -0.00017344890110525672,
      0.00022471693699203574,
      -0.0002332782671651633,
      0.00021674555064058024,
      -0.0001883688204751601,
      0.0001565899909456831,
      -0.00012614524174097154,
      9.929646662377904e-05,
      -7.680532568670061e-05,
      6.279416339890362e-05,
      -6.20416346594228e-05,
      9.602298826632806e-05,
      -0.00026842377693773897,
      0.0003572557839746221,
      9.864801688463075e-05,
      -2.402309065437051e-05,
      -4.638690677715565e-05,
      -3.518078065020572e-05,
      -2.079741335328805e-05,
      -1.0893784706234347e-05,
      5.399373081433816e-06,
      -5.936019546425563e-05,
      0.0002229878824581902,
      -0.00033887678873547537,
      -0.00021140234833688784,
      -8.973603601149943e-05,
      -3.242005405901612e-05,
      -1.0597688345362313e-05,
      -3.242995949541837e-06,
      -8.918201661425724e-07,
      -1.835233678237202e-07,
      1.594503252196701e-05,
      -0.00012318939094718785,
      0.00017057237934221128,
      0.0001684049614204832,
      0.00016201939978730754,
      0.00011241496342303848,
      6.465366783460814e-05,
      3.339547496345502e-05,
      1.6073388497320634e-05,
      7.366969383860926e-06,
      3.262449852399325e-06
    ],
    [
      -0.0003019194224466126,
      0.019892491273392703,
      -0.05692057928568569,
      0.08692883776188882,
      -0.10072310257063052,
      0.1002848068008927,
      -0.09073343086294984,
      0.07685091613699678,
      -0.06202638715483122,
      0.04825139883567988,
      -0.03646204460835568,
      -0.009364825228925256,
      0.05116080021505429,
      -0.07820338184997941,
      0.08883262226216022,
      -0.08693909000955895,
      0.07761887213261484,
      -0.0650740283558019,
      0.05210657112560455,
      -0.04028392280319417,
      0.03029313655598505,
      -0.022275368415963694,
      0.012722580620799177,
      -0.041500212171389106,
      0.046041259274217754,
      -0.036333756645920444,
      0.023845954472422704,
      -0.013309488417939276,
      0.005918497287369069,
      -0.0013751483501079716,
      -0.0010632368487986695,
      0.002128123542939267,
      -0.002387241615595842,
      -9.20172319132698e-06,
      0.0018759846404198647,
      -0.003022601379786272,
      0.003414572214299974,
      -0.0033196779580101973,
      0.0029675322516778176,
      -0.002514422522396497,
      0.0020533768330711537,
      -0.0016327496770686737,
      0.0012726703205477312,
      -0.0009769794886482375,
      -1.644142386310384e-05,
      0.004486495679510119,
      -0.007919057367379094,
      -0.010807363775461536,
      -0.0009906490195783582,
      0.0041227213477176465,
      0.0034377944424587325,
      0.0020761655264908392,
      0.0011025253044774517,
      0.0005447197509716718,
      0.0002567135493080136,
      7.766331155448591e-05,
      0.0014561944488453008,
      -0.004935612689002237,
      -0.00116755247810348,
      -0.004656117828450215,
      -0.0036399063564537793,
      -0.002059829893630338,
      -0.0010157714910220001,
      -0.0004650447604642438,
      -0.00020405819299279922,
      -8.73010551479913e-05,
      0.0009530066605195978,
      0.0019262209573990172,
      -0.023054423627059964,
      -0.006219245505325249,
      -0.00028960751561137846,
      0.0006079855543776399,
      0.0004333558226780987,
      0.0002143433941155552,
      9.211661707607265e-05,
      3.683943743807687e-05,
      1.4124153358741902e-05
    ],
    [
      0.0002608327703844737,
      -0.05692057928568569,
      0.5207080614168821,
      -1.0136263724652357,
      1.3048569874323004,
      -1.3785972754563565,
      1.296042881969011,
      -1.127714031661836,
      0.928583232910694,
      -0.7336395073019668,
      0.5612810339068162,
      0.05061713883082637,
      -0.5721309477949332,
      1.0071895552768964,
      -1.2350501292376144,
      1.2689592357593416,
      -1.171615231497667,
      1.006525616963312,
      -0.8208534058562352,
      0.643567678077439,
      -0.4892210237193288,
      0.3627449402396747,
      -0.052549385984675664,
      0.5084476131435353,
      -0.625174239327908,
      0.48273142239462674,
      -0.2867246511846273,
      0.12312989080243804,
      -0.013411031400035968,
      -0.0481143957312179,
      0.07500200190360327,
      -0.08035216732373707,
      0.07410729625671543,
      0.00010106449900608338,
      -0.0008141240081319348,
      0.02136152740643004,
      -0.03367760685952485,
      0.038008234485726836,
      -0.03703034558900702,
      0.03318644025725181,
      -0.028185674867461406,
      0.023064949046582347,
      -0.01837240078624216,
      0.014341809677230588,
      8.155686487328309e-05,
      -0.01653838426709575,
      0.1453645702931072,
      -0.04923663829316366,
      -0.0025547427946916858,
      -0.034967062366677966,
      -0.03406318506521915,
      -0.02212080208758412,
      -0.012007172172673709,
      -0.005907419615554498,
      -0.0027359077991169663,
      -0.00011224282787605388,
      -0.009567602628386821,
      0.09873190059673455,
      -0.050366786215882565,
      -0.007413874945887973,
      0.0071845955772245245,
      0.007110437231575999,
      0.004266289239059107,
      0.002142445848832155,
      0.0009790800076147133,
      0.00042184196748886425,
      -0.0060624351302133225,
      0.06779479739694382,
      0.12138728485885558,
      0.025047859949456235,
      0.004444304446615056,
      0.0022571943713606993,
      0.0018997499960056042,
      0.001342651713135799,
      0.0008083465612351903,
      0.0004376841791728066,
      0.00022036830786592126
    ],
    [
      -0.00020191134809341234,
      0.08692883776188882,
      -1.0136263724652357,
      2.4549984021024085,
      -3.4785949115876904,
      3.8815894970999607,
      -3.781665485415118,
      3.3747995868269416,
      -2.832055326336238,
      2.2708073871972188,
      -1.7580349227876206,
      -0.08485431711633107,
      1.0988512260999204,
      -2.451606966828595,
      3.3780604049642755,
      -3.719619800934048,
      3.5963378059390525,
      -3.1935953036939413,
      2.6706198881493646,
      -2.135646268301861,
      1.6498024673160563,
      -1.2398687648842275,
      0.08639491382282583,
      -0.9978725147079913,
      1.6431151700775686,
      -1.3137783942385344,
      0.725072487696272,
      -0.2108675069346591,
      -0.1323488116406488,
      0.3146591962371092,
      -0.38010206658413775,
      0.37381517154326566,
      -0.3306476189112358,
      -0.00012995937597516782,
      -0.0016117566261184587,
      -0.02845939946652839,
      0.04694523624395857,
      -0.05380627885829582,
      0.0528349232834582,
      -0.047575580304512685,
      0.04053431010962377,
      -0.03324420041386003,
      0.02652419976156731,
      -0.02073098851236894,
      -0.00019131350312693655,
      0.02613469496423294,
      -0.29013076470333854,
      0.2469981163020694,
      0.0007178326567405686,
      0.01754321899867963,
      0.02755855998429313,
      0.021239803610833247,
      0.012573063667016111,
      0.006511462850624984,
      0.0031172617727851333,
      8.956326882008563e-05,
      0.015730656266032584,
      -0.18078304211675067,
      0.12318241163660618,
      0.04567675099067643,
      0.006143660910170486,
      -0.003373786210853702,
      -0.0034083215030913452,
      -0.002012415670458633,
      -0.0009901385427625792,
      -0.000442586252279619,
      0.00945178542644919,
      -0.12937756496932187,
      -0.1474989471184778,
      0.007933855345405486,
      0.020630737665672087,
      0.009704504294570806,
      0.002847928506525684,
      0.0003468168115561413,
      -0.0002613861097400701,
      -0.00027986364688395204,
      -0.00018300164907515096
    ],
    [
      0.00014770260602859129,
      -0.10072310257063052,
      1.3048569874323004,
      -3.4785949115876904,
      5.107758847084444,
      -5.8094229202957495,
      5.728983999534871,
      -5.156210839292985,
      4.3544139527333785,
      -3.5086608401482167,
      2.7270834735383147,
      0.10139027420624018,
      -1.400476456530505,
      3.4775036232732894,
      -5.000606554448219,
      5.635061036283633,
      -5.528872033912268,
      4.960291257507445,
      -4.179753853833802,
      3.362380756012203,
      -2.6099334872841515,
      1.9692424559288113,
      -0.10301914323086113,
      1.2850154135226293,
      -2.3965247320744543,
      1.9477094503751493,
      -1.0543707927040855,
      0.25948041578755227,
      0.2727536155230666,
      -0.5526357079610921,
      0.6479296013990454,
      -0.6298575655671117,
      0.5539078474804107,
      0.00012088698131192199,
      0.003579944124247374,
      0.02807730748409175,
      -0.04785000909747281,
      0.05542610982646414,
      -0.05471331047123127,
      0.04942277510922324,
      -0.04219615133237847,
      0.03465808410229615,
      -0.027682130450296348,
      0.021653653484185173,
      0.0002693957206384417,
      -0.03051751581729531,
      0.3753067064767182,
      -0.41358307708181313,
      0.0026937024488281752,
      0.011454371855999202,
      -0.00924251215776102,
      -0.012517958462048126,
      -0.008837804920279016,
      -0.004988823203421157,
      -0.002511739259047591,
      -5.2128086178450945e-05,
      -0.0184468374153866,
      0.22288384161017,
      -0.172963490279832,
      -0.07777630660955051,
      -0.02038822908272126,
      -0.002222690226906504,
      0.001296991304101919,
      0.0012240967877124663,
      0.0006943441069631281,
      0.00033021749337570444,
      -0.010689662944540233,
      0.16140268898564925,
      0.13381526039212607,
      -0.04702863646483713,
      -0.046294102674065064,
      -0.022266868817588298,
      -0.008290973058002998,
      -0.002563060727420584,
      -0.0006087654998811984,
      -5.395521350713641e-05,
      5.687857178308394e-05
    ],
    [
      -0.00010428272187079192,
      0.1002848068008927,
      -1.3785972754563565,
      3.8815894970999607,
      -5.8094229202957495,
      6.674812265241829,
      -6.6249512293593495,
      5.989644153877776,
      -5.07538623799402,
      4.100407474263894,
      -3.1937910148924162,
      -0.10233200380485956,
      1.4694847983794397,
      -3.8818896384117383,
      5.710350644856779,
      -6.512709455306083,
      6.438611366885104,
      -5.807090640722656,
      4.912599159278808,
      -3.9640625159410567,
      3.084604256818532,
      -2.332185521835513,
      0.10409335871656467,
      -1.3567415003074978,
      2.7144715615004276,
      -2.228707636122113,
      1.1978116518311492,
      -0.2701313291517592,
      -0.35308258767110706,
      0.6799835241369717,
      -0.789034850846333,
      0.7640391327557168,
      -0.6706888037979855,
      -9.702457734561133e-05,
      -0.004608278360146078,
      -0.02416403371731986,
      0.04235974096603877,
      -0.04949998873850313,
      0.04907525763607884,
      -0.044444009902092386,
      0.03800968180295251,
      -0.0312566249814921,
      0.024987047670239355,
      -0.01955832426487037,
      -0.0002996703290785212,
      0.030429475842974462,
      -0.39695212880544706,
      0.497675669599794,
      -0.005460520716566241,
      -0.034305517488002334,
      -0.00736290251246668,
      0.0035386383867786167,
      0.00453479480600693,
      0.0030531665843759803,
      0.0016731500794064814,
      1.9552153800033268e-05,
      0.01834863589396071,
      -0.2285478898881027,
      0.1914719633548155,
      0.09401548182792448,
      0.029400154698375848,
      0.006504228874930558,
      0.0005911139357843323,
      -0.00042485517674326664,
      -0.00036469119839679416,
      -0.0001966884537745151,
      0.010356015768845536,
      -0.16635665651430487,
      -0.10580801947733427,
      0.07331006817263876,
      0.061752327455976,
      0.02994913395818173,
      0.011818680539518081,
      0.00411346477544845,
      0.0012724014133714643,
      0.0003331818306301411,
      5.918138790374987e-05
    ],
    [
      7.184489749995566e-05,
      -0.09073343086294984,
      1.296042881969011,
      -3.781665485415118,
      5.728983999534871,
      -6.6249512293593495,
      6.602579608069032,
      -5.986777441008135,
      5.084030085833413,
      -4.114412021813003,
      3.209121866438656,
      0.09323690665188206,
      -1.3746506021818976,
      3.7826491368598756,
      -5.644798964128387,
      6.486716811549151,
      -6.443519176005903,
      5.830892216663365,
      -4.945008449395181,
      3.997975263859926,
      -3.115888545188709,
      2.358920965584078,
      -0.09501185546888746,
      1.2745221403769327,
      -2.669138320798342,
      2.207313946218904,
      -1.1826856019304692,
      0.2533363025414404,
      0.37279635694097896,
      -0.7011139428061186,
      0.8096292754927926,
      -0.7826399745752942,
      0.6865295348703967,
      7.130513960003492e-05,
      0.004809881794048714,
      0.019211850769626983,
      -0.034563293709769134,
      0.040705684641244126,
      -0.04050971056972633,
      0.036769024846087225,
      -0.03149205338596605,
      0.025923607165155335,
      -0.02073932858379787,
      0.01624266313238178,
      0.0002913132864541768,
      -0.0275183927874641,
      0.37319397775734453,
      -0.5063181232523296,
      0.006928071587749776,
      0.0465380547885644,
      0.017942450430314574,
      0.0029074966514620773,
      -0.0011724334199118354,
      -0.0014433877055828623,
      -0.0009422134942775039,
      2.510340485953587e-06,
      -0.016528533233583796,
      0.21022612006277977,
      -0.18538690306244615,
      -0.09580954075886633,
      -0.032592835269382864,
      -0.008741485696456363,
      -0.0017973295233420074,
      -0.00015075475250781806,
      0.00010909657600184786,
      8.849868706823121e-05,
      -0.00914188855333925,
      0.15343524341345094,
      0.07696367244497244,
      -0.08396522611765865,
      -0.06629528992235456,
      -0.032299784114930986,
      -0.013090962640821423,
      -0.004778676379408818,
      -0.0016047703927609827,
      -0.0004926917047085597,
      -0.00013318297113906128
    ],
    [
      -4.861583208369334e-05,
      0.07685091613699678,
      -1.127714031661836,
      3.3747995868269416,
      -5.156210839292985,
      5.989644153877776,
      -5.986777441008135,
      5.439592746274682,
      -4.6265260444296015,
      3.7487285126311134,
      -2.926785818043664,
      -0.0792841327008943,
      1.191635410156691,
      -3.376008729050068,
      5.088601918047325,
      -5.878348622048733,
      5.8586277099655435,
      -5.313972904956164,
      4.514491334066951,
      -3.654900401655748,
      2.8516655628602225,
      -2.160880353148656,
      0.0809416135578211,
      -1.1082101399260689,
      2.397060931898608,
      -1.9931268038649768,
      1.066527660179267,
      -0.2210689239565769,
      -0.34992676636317827,
      0.6494548575300784,
      -0.7480125855002638,
      0.7224660005657895,
      -0.6335632144498031,
      -4.930056819737719e-05,
      -0.004467427129417761,
      -0.014500344275189057,
      0.02673337756503895,
      -0.031709491951993296,
      0.03166513501867552,
      -0.02879904216480669,
      0.02469836082165376,
      -0.020349868458558136,
      0.016291160235768726,
      -0.012765375535626856,
      -0.00025951593092882875,
      0.023282020388128724,
      -0.3246202597347952,
      0.46476364547223675,
      -0.007224977380163157,
      -0.049590083883081365,
      -0.022626746947198455,
      -0.006498163996331734,
      -0.0009471005139381057,
      0.00034784335611620377,
      0.0004185438635449366,
      -1.4692885064089318e-05,
      0.013927747516843305,
      -0.1799002635665731,
      0.16463358197340472,
      0.0880088017790812,
      0.03146886896849648,
      0.009258223210811241,
      0.0023456107556101492,
      0.0004777476360017157,
      5.2348632971597866e-05,
      -1.6271523686344852e-05,
      0.007580283764431709,
      -0.13151123103949713,
      -0.05280153686883971,
      0.08256909377149578,
      0.06291879307752013,
      0.030745386211895355,
      0.012654986791961583,
      0.004740752792960181,
      0.0016577185339960684,
      0.0005435622294267875,
      0.00016553180958998876
    ],
    [
      3.2449645460313724e-05,
      -0.06202638715483122,
      0.928583232910694,
      -2.832055326336238,
      4.3544139527333785,
      -5.07538623799402,
      5.084030085833413,
      -4.6265260444296015,
      3.9396065896587067,
      -3.1950887873403913,
      2.496406221948122,
      0.06414124512572199,
      -0.9783392704323959,
      2.833233091647869,
      -4.302277088385722,
      4.9893979431196245,
      -4.984971365080029,
      4.5294087031801755,
      -3.8529917790948165,
      3.122555285779342,
      -2.4383425057891666,
      1.8489625989084495,
      -0.0655936777702176,
      0.9119636270745164,
      -2.0208576974061243,
      1.687553721459119,
      -0.9025874608749073,
      0.18298002787777168,
      0.3040173569109506,
      -0.5596562909248339,
      0.6435909396864214,
      -0.6213379295517464,
      0.5448257640084394,
      3.2522624743693035e-05,
      0.003847067536876809,
      0.010548776753645276,
      -0.019909190133193193,
      0.023771837176762296,
      -0.023813449472585065,
      0.02169790811544195,
      -0.01863067511270374,
      0.015363317217597509,
      -0.01230664940805008,
      0.009647618481591643,
      0.0002174615112658347,
      -0.018766470516919747,
      0.26718323166834135,
      -0.3978439288501939,
      0.006731700216506135,
      0.04657384832454611,
      0.023056357136315864,
      0.007853896734334676,
      0.002020679144222154,
      0.00028624706406259816,
      -9.161400257215452e-05,
      1.9642891057293512e-05,
      -0.01118417489670511,
      0.14619583265401176,
      -0.13761414036039013,
      -0.075359568743388,
      -0.02785357909801885,
      -0.008656516285811319,
      -0.0024206347138161386,
      -0.0006103646086973172,
      -0.00013532084511854638,
      -2.4625127837593957e-05,
      -0.0060073533105447306,
      0.10698053579899457,
      0.034615368462928044,
      -0.07395631638319652,
      -0.05510420212478558,
      -0.026982913932496518,
      -0.011219365916878433,
      -0.004272201261843562,
      -0.0015303946822982542,
      -0.000520284822169509,
      -0.0001677336630195683
    ],
    [
      -2.142747055206372e-05,
      0.04825139883567988,
      -0.7336395073019668,
      2.2708073871972188,
      -3.5086608401482167,
      4.100407474263894,
      -4.114412021813003,
      3.7487285126311134,
      -3.1950887873403913,
      2.5931614029822043,
      -2.027304823506724,
      -0.049969148957753166,
      0.7711230982437371,
      -2.271833150723201,
      3.469669980370476,
      -4.036005400654455,
      4.0401930382739115,
      -3.675956952682583,
      3.1301880817583867,
      -2.5388163906687575,
      1.983806792800169,
      -1.5051134614037918,
      0.05117906696364606,
      -0.720126964104073,
      1.6260934335490482,
      -1.3626569294912185,
      0.7287810858873313,
      -0.14545081691241307,
      -0.2500116781894918,
      0.4577600423319927,
      -0.5259060047372516,
      0.5076069973355712,
      -0.44509668591169527,
      -2.062417652824748e-05,
      -0.0031404869388715188,
      -0.007466636101429663,
      0.014414503654242607,
      -0.017318194832138294,
      0.0173993121072786,
      -0.015880564927337713,
      0.013650748615650405,
      -0.011265401874628244,
      0.009029098654480882,
      -0.0070812027641426675,
      -0.00017414763653351208,
      0.014579621356154837,
      -0.21099509328689414,
      0.3237476242192393,
      -0.00582270710200775,
      -0.04039182943748184,
      -0.02098658682365715,
      -0.00777223217098641,
      -0.0023732217581998965,
      -0.0005845983498642114,
      -8.596678775892219e-05,
      -2.008237644710001e-05,
      0.00865927643521805,
      -0.11427595096946505,
      0.10998637188665365,
      0.06133114244687661,
      0.02321216053934627,
      0.007481698781739298,
      0.0022168821097389136,
      0.0006172901369258356,
      0.000164320171373296,
      4.312472433402093e-05,
      0.004600206857183923,
      -0.08367908561262148,
      -0.021834949616165396,
      0.0621509959443335,
      0.045595967169409286,
      0.022361761679534242,
      0.009364829241006166,
      0.0036064684938938393,
      0.001312876851695247,
      0.00045668202365185617,
      0.00015224697373327642
    ],
    [
      1.402721732568389e-05,
      -0.03646204460835568,
      0.5612810339068162,
      -1.7580349227876206,
      2.7270834735383147,
      -3.1937910148924162,
      3.209121866438656,
      -2.926785818043664,
      2.496406221948122,
      -2.027304823506724,
      1.585688102742879,
      0.037794553943197015,
      -0.5888105496185857,
      1.758870002939346,
      -2.6986157562818014,
      3.1467140371920617,
      -3.154853038228987,
      2.873571772875253,
      -2.448949078774231,
      1.9875696185864358,
      -1.553887760453261,
      1.1794534513427737,
      -0.038762618153763216,
      0.5506905583446601,
      -1.2624177278965607,
      1.060983886429328,
      -0.5675385765776155,
      0.1119869507621895,
      0.1973151501702658,
      -0.35992571383263144,
      0.41325071098933086,
      -0.39882836039457953,
      0.3497276218216239,
      1.261720252153638e-05,
      0.00246339982928083,
      0.005174633457475983,
      -0.010211336330441799,
      0.012340296426476995,
      -0.012432027975551615,
      0.011364828034030614,
      -0.009779094819930723,
      0.008076033611850237,
      -0.006476204324152809,
      0.005081029563584356,
      0.0001346770908369906,
      -0.011003589544914162,
      0.1613528859448756,
      -0.2535205749976836,
      0.004775868425131253,
      0.03313931352953219,
      0.01777917150206499,
      0.006920798076894859,
      0.0022986481494046175,
      0.0006701068793994945,
      0.0001642044627138182,
      1.8125621705790473e-05,
      -0.006515354859504559,
      0.0866575969221239,
      -0.08492094787927226,
      -0.04802806085224377,
      -0.01850417556995646,
      -0.00612142074613803,
      -0.0018844599211272051,
      -0.0005558750690149238,
      -0.00016125592568706944,
      -4.764566510141267e-05,
      -0.0034290411796061853,
      0.06348497133702655,
      0.013293925194041288,
      -0.04985581647719067,
      -0.03616332023471027,
      -0.0177571240525542,
      -0.007476373521521394,
      -0.002903101218747083,
      -0.0010690582351249036,
      -0.0003778085255763314,
      -0.0001287669698723854
    ],
    [
      0.00010916548351595017,
      -0.009364825228925256,
      0.05061713883082637,
      -0.08485431711633107,
      0.10139027420624018,
      -0.10233200380485956,
      0.09323690665188206,
      -0.0792841327008943,
      0.06414124512572199,
      -0.049969148957753166,
      0.037794553943197015,
      0.05115550979121298,
      -0.18934205998668335,
      0.17981764314814155,
      -0.1290531803656218,
      0.07836689450364351,
      -0.04068697761561429,
      0.01689723298461697,
      -0.003845669431742446,
      -0.0021503736053809053,
      0.004062698001148881,
      -0.003919597840113998,
      -0.04275422557299063,
      0.20496906901781406,
      -0.32673590222174353,
      0.3773072315894444,
      -0.3721164390007012,
      0.33370974312076346,
      -0.28072322218463136,
      0.22552218483199446,
      -0.17499657019858328,
      0.13217271293881372,
      -0.09770441082627279,
      0.0002709084344426686,
      0.0015851853794141301,
      -0.006174285380045093,
      0.008652812593061833,
      -0.009325257978066846,
      0.008860726776792793,
      -0.007816827154774423,
      0.0065677621144660265,
      -0.005332915879405101,
      0.004223327930300652,
      -0.0032821574145828203,
      5.852887750768168e-05,
      -0.0007502145331428867,
      0.0010965452311309971,
      0.013121592207981786,
      0.006021829979062921,
      0.00023072955510764818,
      -0.001088919621054948,
      -0.0009448813054799041,
      -0.000576551825131886,
      -0.00030366194950551365,
      -0.00014707458252136312,
      -8.89757060123235e-06,
      -2.0814285048998495e-05,
      0.002105723626332233,
      0.00248578922651425,
      0.007175121848802341,
      0.004391888309685001,
      0.0021110728197197793,
      0.000916670123568245,
      0.00037978763957816465,
      0.00015245587926543202,
      5.9529276498577905e-05,
      -0.0032116397596451646,
      -0.0029630338614866168,
      0.060646557590997976,
      0.008838546458391423,
      -0.00516344201791809,
      -0.004591381829506685,
      -0.00241345734778942,
      -0.0010689027558026857,
      -0.00043488525640135504,
      -0.00016822327178311222,
      -6.296629741509077e-05
    ],
    [
      0.00020656609859424316,
      0.05116080021505429,
      -0.5721309477949332,
      1.0988512260999204,
      -1.400476456530505,
      1.4694847983794397,
      -1.3746506021818976,
      1.191635410156691,
      -0.9783392704323959,
      0.7711230982437371,
      -0.5888105496185857,
      -0.18934205998668335,
      2.172909034779201,
      -2.8792563709974894,
      2.8775484884959988,
      -2.548767271212918,
      2.1135092324064817,
      -1.6836735727514704,
      1.3071357521916604,
      -0.9977209827976661,
      0.7530146971220303,
      -0.5641140429471134,
      0.12916129713305874,
      -1.4823363012013406,
      2.395458605892348,
      -2.6827739536822732,
      2.567736663807483,
      -2.247615209412764,
      1.8563909119343949,
      -1.4720013188571723,
      1.132656949545522,
      -0.851863711217857,
      0.6294416759116307,
      -0.0005583364153507044,
      -0.006730517170829859,
      0.06360134796622531,
      -0.09683005561675322,
      0.10788283639063911,
      -0.10439438423737622,
      0.09316424448112084,
      -0.07890007912749208,
      0.06443381161193103,
      -0.051246888116037476,
      0.039957851849488725,
      -5.256387349261673e-05,
      0.007573372465614739,
      -0.1190890551165214,
      -0.028350330991096302,
      0.020593847188896595,
      0.04159372151656944,
      0.031178482595872012,
      0.018274728161342242,
      0.009530752308428933,
      0.004635819984347463,
      0.0021513072071031314,
      -0.00014391889655817735,
      0.0027977590426522723,
      -0.07724546301908888,
      0.024496138578970393,
      -0.034263505828669605,
      -0.031705790972350635,
      -0.01878961169950172,
      -0.009289999644865887,
      -0.004177701194976094,
      -0.0017750246934350549,
      -0.0007270149173267964,
      0.016745070085598963,
      -0.23428678040351328,
      -0.1835936867301354,
      0.02580719319221599,
      0.06200755206332075,
      0.04071119019781051,
      0.01991321036877433,
      0.008460358888683942,
      0.003300146245475578,
      0.0012123508264410125,
      0.0004246583804001907
    ],
    [
      -6.31538686461754e-05,
      -0.07820338184997941,
      1.0071895552768964,
      -2.451606966828595,
      3.4775036232732894,
      -3.8818896384117383,
      3.7826491368598756,
      -3.376008729050068,
      2.833233091647869,
      -2.271833150723201,
      1.758870002939346,
      0.17981764314814155,
      -2.8792563709974894,
      7.051570937147418,
      -9.714654115034687,
      10.60489716761366,
      -10.193285111969546,
      9.040503635451302,
      -7.586828860548519,
      6.116684167312869,
      -4.785088567481573,
      3.6576414758272198,
      -0.05659225520779698,
      0.9045350564625485,
      -0.39535182283587095,
      -0.8251618597641438,
      1.7917043517808606,
      -2.2671645793093442,
      2.324407100828297,
      -2.117079281550516,
      1.783782777910139,
      -1.420798297668575,
      1.0836788005598343,
      0.0003563492209722886,
      0.009786005305982334,
      -0.0363174501160062,
      0.05069767175613329,
      -0.054590921323543956,
      0.05186217623730411,
      -0.045753220139428,
      0.03844559431089192,
      -0.031220466268820912,
      0.024727166004217354,
      -0.019218534107153844,
      0.00028621140635110085,
      -0.02367166627719086,
      0.3336902999236958,
      -0.35880334482399656,
      0.026960560410160386,
      0.03901771265008923,
      0.011431273721820161,
      -0.0006985879369630209,
      -0.0030137628175309324,
      -0.0023568742348480027,
      -0.0013851006217708618,
      0.00017653239513543877,
      -0.015490866987809496,
      0.18999820924427727,
      -0.10645161065989185,
      -0.005042169487959099,
      0.01877449704568288,
      0.015720187610457875,
      0.008960493836850521,
      0.004370106655708531,
      0.0019612446161802934,
      0.0008372506912637632,
      -0.013664644690659027,
      0.19969279380398536,
      0.3405783305820163,
      -0.01323293725273129,
      -0.07517783042884604,
      -0.05004225101213387,
      -0.024341006857215384,
      -0.010292764068985591,
      -0.004011509770250721,
      -0.00147930173588838,
      -0.0005229308595602077
    ],
    [
      -0.00014268714116987392,
      0.08883262226216022,
      -1.2350501292376144,
      3.3780604049642755,
      -5.000606554448219,
      5.710350644856779,
      -5.644798964128387,
      5.088601918047325,
      -4.302277088385722,
      3.469669980370476,
      -2.6986157562818014,
      -0.1290531803656218,
      2.8775484884959988,
      -9.714654115034687,
      14.700778173335285,
      -16.821790475079716,
      16.635606946896065,
      -15.03298625010552,
      12.777871771069735,
      -10.392293590622323,
      8.177219379368752,
      -6.272624400757514,
      -0.030745221112287432,
      -0.044897449983519355,
      -1.9162745289488012,
      4.606001887059559,
      -6.3894707498470735,
      6.994790114005565,
      -6.696222780893757,
      5.875421163742589,
      -4.847009248652926,
      3.817757475820476,
      -2.899680440651918,
      -9.165094823711061e-05,
      -0.011055970941909727,
      -0.0011003385157914733,
      0.010317457044979635,
      -0.015059254041389653,
      0.016386333440111256,
      -0.015621541610457436,
      0.013799459967962986,
      -0.0116012028136251,
      0.00942243293085291,
      -0.0074627776182473885,
      -0.000485472590463895,
      0.03525801659268359,
      -0.4844995657992535,
      0.7093374376001409,
      -0.0761852177794035,
      -0.12619240148911046,
      -0.06135966392203288,
      -0.02207408691611441,
      -0.006509874683015347,
      -0.0014754035926418379,
      -0.00012911596854810152,
      -0.00016417195756543722,
      0.025234528383882866,
      -0.26376870775078326,
      0.17273905503606346,
      0.05038483746385766,
      0.0024328472013040938,
      -0.007166461789678612,
      -0.005755785673257308,
      -0.0032189819399508295,
      -0.0015599006361172022,
      -0.0007009514459938196,
      0.007071668426918582,
      -0.10328506144369337,
      -0.4322052769467151,
      -0.0002643552999613434,
      0.07493259572757964,
      0.05029554870989422,
      0.024407127426916583,
      0.010339998297636929,
      0.004064288724258245,
      0.001523078981111578,
      0.0005519415033969922
    ],
    [
      0.00028733537452993885,
      -0.08693909000955895,
      1.2689592357593416,
      -3.719619800934048,
      5.635061036283633,
      -6.512709455306083,
      6.486716811549151,
      -5.878348622048733,
      4.9893979431196245,
      -4.036005400654455,
      3.1467140371920617,
      0.07836689450364351,
      -2.548767271212918,
      10.60489716761366,
      -16.821790475079716,
      19.686165009619778,
      -19.7305404989848,
      17.98719722825188,
      -15.381553660652493,
      12.562531168994878,
      -9.913249464601073,
      7.618296231827731,
      0.09105651915856487,
      -0.6041340562865795,
      3.4533777044869693,
      -7.00474424791116,
      9.26028891997577,
      -9.930491555395957,
      9.407767358414405,
      -8.208620836357955,
      6.7527153435640415,
      -5.313327748630816,
      4.036803717134445,
      -0.00010269445881085753,
      0.010986151190710506,
      0.02764177113764066,
      -0.052847320426162636,
      0.06331971116452347,
      -0.06353246457220173,
